CUSTOM_OBJFUNC gradient 
0
0
0
0
0
0
0
0
0
0
0
0
0
0
0
0
0
0
0
0
0
0
0
0
0
0
0
0
0
0
0
0
0
0
0
0
0
0
0
0
0
0
0
0
0
0
0
0
0
0
0
0
0
0
0
0
0
0
0
0
0
0
0
0
0
0
0.00114202408942295
-0.00799610010820308
-0.010099889789346
-0.00704898569681335
-0.00311139052507721
-0.000149408019777959
0.00194365364366167
0.00338065577144248
0.00370489001513576
0.00234222432330491
-0.000352516522087273
-0.00280614447079885
-0.00329076194375838
-0.00141820198809632
0.00138038834391362
0
0
0
0
0
0
0.00199854215649004
-0.0139931751893554
-0.0176748071313555
-0.0123357249694234
-0.00544493341888512
-0.000261464034611427
0.00340139387640793
0.00591614760002435
0.00648355752648763
0.00409889256578362
-0.000616903913652697
-0.00491075282389797
-0.00575883340157712
-0.00248185347916856
0.0024156796018488
0
0
0
0
0
0
0.00239825058778799
-0.0167918102272265
-0.0212097685576265
-0.014802869963308
-0.00653392010266213
-0.000313756841533699
0.00408167265168953
0.00709937712002926
0.00778026903178521
0.00491867107894038
-0.000740284696383195
-0.00589290338867751
-0.00691060008189258
-0.0029782241750023
0.00289881552221852
0
0
0
0
0
0
0.00199854215648996
-0.0139931751893555
-0.0176748071313554
-0.0123357249694233
-0.0054449334188851
-0.000261464034611414
0.00340139387640795
0.00591614760002438
0.00648355752648769
0.00409889256578369
-0.000616903913652614
-0.00491075282389793
-0.00575883340157709
-0.00248185347916859
0.00241567960184872
0
0
0
0
0
0
0.0011420240894228
-0.00799610010820312
-0.010099889789346
-0.00704898569681332
-0.0031113905250772
-0.000149408019777943
0.00194365364366169
0.00338065577144252
0.00370489001513582
0.002342224323305
-0.000352516522087183
-0.00280614447079879
-0.00329076194375835
-0.00141820198809636
0.00138038834391353
0
0
0
0
0
0
0.000428259033533518
-0.00299853754057617
-0.00378745867100474
-0.002643369636305
-0.00116677144690395
-5.60280074167285e-05
0.000728870116373138
0.00126774591429095
0.00138933375567594
0.000878334121239381
-0.000132193695782677
-0.00105230417654954
-0.00123403572890937
-0.000531825745536136
0.000517645628967568
0
0
0
0
0
0
9.51686741185595e-05
-0.000666341675683598
-0.000841657482445499
-0.000587415474734443
-0.000259282543756432
-1.2450668314828e-05
0.000161971136971808
0.000281721314286878
0.000308740834594654
0.000195185360275416
-2.93763768405972e-05
-0.000233845372566561
-0.00027423016197986
-0.00011818349900803
0.000115032361992791
0
0
0
0
0
0
9.51686741185582e-06
-6.66341675683599e-05
-8.41657482445496e-05
-5.87415474734442e-05
-2.59282543756432e-05
-1.24506683148272e-06
1.6197113697181e-05
2.8172131428688e-05
3.08740834594656e-05
1.9518536027542e-05
-2.93763768405899e-06
-2.33845372566559e-05
-2.74230161979857e-05
-1.1818349900803e-05
1.15032361992789e-05
0
0
0
0
0
0
0
0
0
0
0
0
0
0
0
0
0
0
0
0
0
0
0
0
0
0
0
0
0
0
0
0
0
0
0
0
0
0
0
0
0
0
0
0
0
0
0
0
0
0
0
0
0
0
0
0
0
0
0
0
0
0
0
0
0
0
0
0
0
-0.00463017756846592
0.031922207010616
0.0403106873310519
0.0280853401919399
0.0123113191611827
0.000435851617019419
-0.00796636738514216
-0.013744723459595
-0.015071090709457
-0.00964880856397193
0.00110212117845138
0.0108880858836226
0.0127968454171912
0.00527390414549178
-0.00596805856489302
0
0
0
0
0
0
-0.00810281074481487
0.0558638622685777
0.0705437028293407
0.0491493453358947
0.0215448085320696
0.000762740329783962
-0.0139411429239988
-0.0240532660542913
-0.02637440874155
-0.0168854149869511
0.00192871206228984
0.0190541502963392
0.0223944794800845
0.00922933225461067
-0.0104441024885627
0
0
0
0
0
0
-0.00972337289377803
0.0670366347222934
0.0846524433952089
0.0589792144030736
0.0258537702384835
0.000915288395740718
-0.0167293715087987
-0.0288639192651495
-0.0316492904898601
-0.0202624979843413
0.0023144544747476
0.0228649803556071
0.0268733753761013
0.0110751987055329
-0.012532922986275
0
0
0
0
0
0
-0.00810281074481454
0.055863862268578
0.0705437028293406
0.0491493453358947
0.0215448085320696
0.00076274032978391
-0.0139411429239989
-0.0240532660542914
-0.0263744087415502
-0.0168854149869514
0.00192871206228956
0.019054150296339
0.0223944794800844
0.00922933225461076
-0.0104441024885624
0
0
0
0
0
0
-0.00463017756846531
0.0319222070106161
0.0403106873310519
0.0280853401919398
0.0123113191611826
0.000435851617019357
-0.00796636738514225
-0.0137447234595952
-0.0150710907094573
-0.00964880856397227
0.00110212117845104
0.0108880858836224
0.012796845417191
0.00527390414549189
-0.00596805856489268
0
0
0
0
0
0
-0.00173631658817445
0.011970827628981
0.0151165077491444
0.0105320025719774
0.00461674468544346
0.000163444356382256
-0.00298738776942836
-0.0051542712973482
-0.00565165901604653
-0.00361830321148959
0.00041329544191912
0.00408303220635829
0.0047988170314466
0.00197771405455947
-0.00223802196183473
0
0
0
0
0
0
-0.000385848130705429
0.00266018391755134
0.00335922394425431
0.00234044501599498
0.00102594326343188
3.63209680849449e-05
-0.000663863948761856
-0.00114539362163294
-0.00125592422578812
-0.000804067380331033
9.18434315375638e-05
0.000907340490301844
0.00106640378476591
0.00043949201212433
-0.000497338213741044
0
0
0
0
0
0
-3.8584813070543e-05
0.000266018391755135
0.000335922394425431
0.000234044501599497
0.000102594326343188
3.63209680849429e-06
-6.63863948761859e-05
-0.000114539362163294
-0.000125592422578813
-8.04067380331054e-05
9.18434315375625e-06
9.07340490301845e-05
0.000106640378476591
4.39492012124333e-05
-4.97338213741038e-05
0
0
0
