NMARK= 4
MARKER_TAG= Inlet
MARKER_ELEMS= 140
SEND_TO= 0
3	0	6	0
3	6	7	1
3	7	8	2
3	8	9	3
3	9	10	4
3	10	11	5
3	11	12	6
3	12	13	7
3	13	14	8
3	14	15	9
3	15	16	10
3	16	17	11
3	17	18	12
3	18	19	13
3	19	20	14
3	20	21	15
3	21	22	16
3	22	23	17
3	23	24	18
3	24	25	19
3	25	26	20
3	26	27	21
3	27	28	22
3	28	29	23
3	29	30	24
3	30	31	25
3	31	32	26
3	32	33	27
3	33	34	28
3	34	35	29
3	35	36	30
3	36	37	31
3	37	38	32
3	38	39	33
3	39	40	34
3	40	41	35
3	41	42	36
3	42	43	37
3	43	44	38
3	44	1	39
3	0	501	40
3	501	502	41
3	502	503	42
3	503	504	43
3	504	505	44
3	505	506	45
3	506	507	46
3	507	508	47
3	508	509	48
3	509	510	49
3	510	511	50
3	511	512	51
3	512	513	52
3	513	514	53
3	514	515	54
3	515	516	55
3	516	517	56
3	517	518	57
3	518	519	58
3	519	520	59
3	520	521	60
3	521	522	61
3	522	523	62
3	523	524	63
3	524	525	64
3	525	526	65
3	526	527	66
3	527	528	67
3	528	529	68
3	529	530	69
3	530	531	70
3	531	532	71
3	532	533	72
3	533	534	73
3	534	535	74
3	535	536	75
3	536	537	76
3	537	538	77
3	538	539	78
3	539	540	79
3	540	541	80
3	541	542	81
3	542	543	82
3	543	544	83
3	544	545	84
3	545	546	85
3	546	547	86
3	547	548	87
3	548	549	88
3	549	550	89
3	550	551	90
3	551	552	91
3	552	553	92
3	553	554	93
3	554	555	94
3	555	556	95
3	556	557	96
3	557	558	97
3	558	559	98
3	559	560	99
3	560	561	100
3	561	562	101
3	562	563	102
3	563	564	103
3	564	565	104
3	565	566	105
3	566	567	106
3	567	568	107
3	568	569	108
3	569	570	109
3	570	571	110
3	571	572	111
3	572	573	112
3	573	574	113
3	574	575	114
3	575	576	115
3	576	577	116
3	577	578	117
3	578	579	118
3	579	580	119
3	580	581	120
3	581	582	121
3	582	583	122
3	583	584	123
3	584	585	124
3	585	586	125
3	586	587	126
3	587	588	127
3	588	589	128
3	589	590	129
3	590	591	130
3	591	592	131
3	592	593	132
3	593	594	133
3	594	595	134
3	595	596	135
3	596	597	136
3	597	598	137
3	598	599	138
3	599	5	139
MARKER_TAG= Outlet
MARKER_ELEMS= 100
SEND_TO= 0
3	3	203	0
3	203	204	1
3	204	205	2
3	205	206	3
3	206	207	4
3	207	208	5
3	208	209	6
3	209	210	7
3	210	211	8
3	211	212	9
3	212	213	10
3	213	214	11
3	214	215	12
3	215	216	13
3	216	217	14
3	217	218	15
3	218	219	16
3	219	220	17
3	220	221	18
3	221	222	19
3	222	223	20
3	223	224	21
3	224	225	22
3	225	226	23
3	226	227	24
3	227	228	25
3	228	229	26
3	229	230	27
3	230	231	28
3	231	232	29
3	232	233	30
3	233	234	31
3	234	235	32
3	235	236	33
3	236	237	34
3	237	238	35
3	238	239	36
3	239	240	37
3	240	241	38
3	241	242	39
3	242	243	40
3	243	244	41
3	244	245	42
3	245	246	43
3	246	247	44
3	247	248	45
3	248	249	46
3	249	250	47
3	250	251	48
3	251	252	49
3	252	253	50
3	253	254	51
3	254	255	52
3	255	256	53
3	256	257	54
3	257	258	55
3	258	259	56
3	259	260	57
3	260	261	58
3	261	262	59
3	262	263	60
3	263	264	61
3	264	265	62
3	265	266	63
3	266	267	64
3	267	268	65
3	268	269	66
3	269	270	67
3	270	271	68
3	271	272	69
3	272	273	70
3	273	274	71
3	274	275	72
3	275	276	73
3	276	277	74
3	277	278	75
3	278	279	76
3	279	280	77
3	280	281	78
3	281	282	79
3	282	283	80
3	283	284	81
3	284	285	82
3	285	286	83
3	286	287	84
3	287	288	85
3	288	289	86
3	289	290	87
3	290	291	88
3	291	292	89
3	292	293	90
3	293	294	91
3	294	295	92
3	295	296	93
3	296	297	94
3	297	298	95
3	298	299	96
3	299	300	97
3	300	301	98
3	301	4	99
MARKER_TAG= Far
MARKER_ELEMS= 200
SEND_TO= 0
3	4	302	0
3	302	303	1
3	303	304	2
3	304	305	3
3	305	306	4
3	306	307	5
3	307	308	6
3	308	309	7
3	309	310	8
3	310	311	9
3	311	312	10
3	312	313	11
3	313	314	12
3	314	315	13
3	315	316	14
3	316	317	15
3	317	318	16
3	318	319	17
3	319	320	18
3	320	321	19
3	321	322	20
3	322	323	21
3	323	324	22
3	324	325	23
3	325	326	24
3	326	327	25
3	327	328	26
3	328	329	27
3	329	330	28
3	330	331	29
3	331	332	30
3	332	333	31
3	333	334	32
3	334	335	33
3	335	336	34
3	336	337	35
3	337	338	36
3	338	339	37
3	339	340	38
3	340	341	39
3	341	342	40
3	342	343	41
3	343	344	42
3	344	345	43
3	345	346	44
3	346	347	45
3	347	348	46
3	348	349	47
3	349	350	48
3	350	351	49
3	351	352	50
3	352	353	51
3	353	354	52
3	354	355	53
3	355	356	54
3	356	357	55
3	357	358	56
3	358	359	57
3	359	360	58
3	360	361	59
3	361	362	60
3	362	363	61
3	363	364	62
3	364	365	63
3	365	366	64
3	366	367	65
3	367	368	66
3	368	369	67
3	369	370	68
3	370	371	69
3	371	372	70
3	372	373	71
3	373	374	72
3	374	375	73
3	375	376	74
3	376	377	75
3	377	378	76
3	378	379	77
3	379	380	78
3	380	381	79
3	381	382	80
3	382	383	81
3	383	384	82
3	384	385	83
3	385	386	84
3	386	387	85
3	387	388	86
3	388	389	87
3	389	390	88
3	390	391	89
3	391	392	90
3	392	393	91
3	393	394	92
3	394	395	93
3	395	396	94
3	396	397	95
3	397	398	96
3	398	399	97
3	399	400	98
3	400	401	99
3	401	402	100
3	402	403	101
3	403	404	102
3	404	405	103
3	405	406	104
3	406	407	105
3	407	408	106
3	408	409	107
3	409	410	108
3	410	411	109
3	411	412	110
3	412	413	111
3	413	414	112
3	414	415	113
3	415	416	114
3	416	417	115
3	417	418	116
3	418	419	117
3	419	420	118
3	420	421	119
3	421	422	120
3	422	423	121
3	423	424	122
3	424	425	123
3	425	426	124
3	426	427	125
3	427	428	126
3	428	429	127
3	429	430	128
3	430	431	129
3	431	432	130
3	432	433	131
3	433	434	132
3	434	435	133
3	435	436	134
3	436	437	135
3	437	438	136
3	438	439	137
3	439	440	138
3	440	441	139
3	441	442	140
3	442	443	141
3	443	444	142
3	444	445	143
3	445	446	144
3	446	447	145
3	447	448	146
3	448	449	147
3	449	450	148
3	450	451	149
3	451	452	150
3	452	453	151
3	453	454	152
3	454	455	153
3	455	456	154
3	456	457	155
3	457	458	156
3	458	459	157
3	459	460	158
3	460	461	159
3	461	462	160
3	462	463	161
3	463	464	162
3	464	465	163
3	465	466	164
3	466	467	165
3	467	468	166
3	468	469	167
3	469	470	168
3	470	471	169
3	471	472	170
3	472	473	171
3	473	474	172
3	474	475	173
3	475	476	174
3	476	477	175
3	477	478	176
3	478	479	177
3	479	480	178
3	480	481	179
3	481	482	180
3	482	483	181
3	483	484	182
3	484	485	183
3	485	486	184
3	486	487	185
3	487	488	186
3	488	489	187
3	489	490	188
3	490	491	189
3	491	492	190
3	492	493	191
3	493	494	192
3	494	495	193
3	495	496	194
3	496	497	195
3	497	498	196
3	498	499	197
3	499	500	198
3	500	5	199
MARKER_TAG= Wall
MARKER_ELEMS= 160
SEND_TO= 0
3	1	45	0
3	45	46	1
3	46	47	2
3	47	48	3
3	48	49	4
3	49	50	5
3	50	51	6
3	51	52	7
3	52	53	8
3	53	54	9
3	54	55	10
3	55	56	11
3	56	57	12
3	57	58	13
3	58	59	14
3	59	60	15
3	60	61	16
3	61	62	17
3	62	63	18
3	63	64	19
3	64	65	20
3	65	66	21
3	66	67	22
3	67	68	23
3	68	69	24
3	69	70	25
3	70	71	26
3	71	72	27
3	72	73	28
3	73	74	29
3	74	75	30
3	75	76	31
3	76	77	32
3	77	78	33
3	78	79	34
3	79	80	35
3	80	81	36
3	81	82	37
3	82	83	38
3	83	84	39
3	84	85	40
3	85	86	41
3	86	87	42
3	87	88	43
3	88	89	44
3	89	90	45
3	90	91	46
3	91	92	47
3	92	93	48
3	93	94	49
3	94	95	50
3	95	96	51
3	96	97	52
3	97	98	53
3	98	99	54
3	99	100	55
3	100	101	56
3	101	102	57
3	102	103	58
3	103	104	59
3	104	105	60
3	105	106	61
3	106	107	62
3	107	108	63
3	108	109	64
3	109	110	65
3	110	111	66
3	111	112	67
3	112	113	68
3	113	114	69
3	114	115	70
3	115	116	71
3	116	117	72
3	117	118	73
3	118	119	74
3	119	120	75
3	120	121	76
3	121	122	77
3	122	123	78
3	123	2	79
3	2	124	80
3	124	125	81
3	125	126	82
3	126	127	83
3	127	128	84
3	128	129	85
3	129	130	86
3	130	131	87
3	131	132	88
3	132	133	89
3	133	134	90
3	134	135	91
3	135	136	92
3	136	137	93
3	137	138	94
3	138	139	95
3	139	140	96
3	140	141	97
3	141	142	98
3	142	143	99
3	143	144	100
3	144	145	101
3	145	146	102
3	146	147	103
3	147	148	104
3	148	149	105
3	149	150	106
3	150	151	107
3	151	152	108
3	152	153	109
3	153	154	110
3	154	155	111
3	155	156	112
3	156	157	113
3	157	158	114
3	158	159	115
3	159	160	116
3	160	161	117
3	161	162	118
3	162	163	119
3	163	164	120
3	164	165	121
3	165	166	122
3	166	167	123
3	167	168	124
3	168	169	125
3	169	170	126
3	170	171	127
3	171	172	128
3	172	173	129
3	173	174	130
3	174	175	131
3	175	176	132
3	176	177	133
3	177	178	134
3	178	179	135
3	179	180	136
3	180	181	137
3	181	182	138
3	182	183	139
3	183	184	140
3	184	185	141
3	185	186	142
3	186	187	143
3	187	188	144
3	188	189	145
3	189	190	146
3	190	191	147
3	191	192	148
3	192	193	149
3	193	194	150
3	194	195	151
3	195	196	152
3	196	197	153
3	197	198	154
3	198	199	155
3	199	200	156
3	200	201	157
3	201	202	158
3	202	3	159
