CUSTOM_OBJFUNC gradient 
0
0
0
0
0
0
0
0
0
0
0
0
0
0
0
0
0
0
0
0
0
0
0
0
0
0
0
0
0
0
0
0
0
0
0
0
0
0
0
0
0
0
0
0
0
0
0
0
0
0
0
0
0
0
0
0
0
0
0
0
0
0
0
0
0
0
-0.00388105035862572
0.0268381453342325
0.0338788410228651
0.0235913022985145
0.0101981721006798
-0.000171516828564595
-0.00788855071863138
-0.01339729567025
-0.014596841897884
-0.00907770408151712
0.00176922203049454
0.0116464416221634
0.0136321235243698
0.00616605786568064
-0.00510978090033167
0
0
0
0
0
0
-0.00679183812759459
0.0469667543349069
0.059287971790014
0.0412847790224003
0.0178468011761896
-0.000300154449988078
-0.0138049637576049
-0.0234452674229376
-0.0255444733212971
-0.0158859821426549
0.00309613855336538
0.0203812728387858
0.0238562161676472
0.0107906012649411
-0.00894211657558026
0
0
0
0
0
0
-0.0081502057531132
0.0563601052018886
0.0711455661480167
0.0495417348268803
0.0214161614114274
-0.00036018533998574
-0.016565956509126
-0.0281343209075252
-0.0306533679855566
-0.0190631785711861
0.00371536626403834
0.0244575274065431
0.0286274594011765
0.0129487215179294
-0.0107305398906961
0
0
0
0
0
0
-0.00679183812759437
0.0469667543349071
0.0592879717900138
0.0412847790224002
0.0178468011761895
-0.000300154449988124
-0.013804963757605
-0.0234452674229377
-0.0255444733212974
-0.0158859821426552
0.0030961385533651
0.0203812728387856
0.0238562161676471
0.0107906012649412
-0.00894211657557997
0
0
0
0
0
0
-0.00388105035862522
0.0268381453342327
0.033878841022865
0.0235913022985144
0.0101981721006797
-0.000171516828564665
-0.00788855071863147
-0.0133972956702502
-0.0145968418978843
-0.00907770408151748
0.00176922203049418
0.0116464416221631
0.0136321235243697
0.00616605786568075
-0.00510978090033134
0
0
0
0
0
0
-0.00145539388448435
0.0100643045003373
0.0127045653835744
0.0088467383619429
0.00382431453775489
-6.43188107117528e-05
-0.0029582065194868
-0.00502398587634384
-0.00547381571170662
-0.00340413903056908
0.000663458261435296
0.00436741560831115
0.00511204632163863
0.00231227169963028
-0.00191616783762422
0
0
0
0
0
0
-0.000323420863218745
0.00223651211118607
0.00282323675190542
0.00196594185820953
0.00084984767505664
-1.42930690470579e-05
-0.000657379226552624
-0.00111644130585419
-0.00121640349149037
-0.000756475340126465
0.000147435169207843
0.000970536801846913
0.00113601029369747
0.000513838155473396
-0.000425815075027599
0
0
0
0
0
0
-3.23420863218742e-05
0.000223651211118606
0.000282323675190542
0.000196594185820953
8.49847675056638e-05
-1.42930690470583e-06
-6.57379226552627e-05
-0.000111644130585419
-0.000121640349149037
-7.56475340126471e-05
1.4743516920782e-05
9.70536801846902e-05
0.000113601029369747
5.138381554734e-05
-4.25815075027591e-05
0
0
0
0
0
0
0
0
0
0
0
0
0
0
0
0
0
0
0
0
0
0
0
0
0
0
0
0
0
0
0
0
0
0
0
0
0
0
0
0
0
0
0
0
0
0
0
0
0
0
0
0
0
0
0
0
0
0
0
0
0
0
0
0
0
0
0
0
0
0.016058621703346
-0.106795182495873
-0.134840668070775
-0.0935600194430841
-0.0398018539674388
0.00192069689995578
0.0330703406704564
0.0553996430218599
0.060485881281971
0.0386815841667079
-0.00445091454575197
-0.0437183503569193
-0.0514271949450132
-0.0213128536077242
0.0242181946988077
0
0
0
0
0
0
0.0281025879808543
-0.186891569367777
-0.235971169123856
-0.163730034025397
-0.0696532444430179
0.00336121957492272
0.057873096173299
0.0969493752882552
0.105850292243449
0.0676927722917402
-0.00778910045506498
-0.0765071131246082
-0.0899975911537724
-0.0372974938135177
0.042381840722913
0
0
0
0
0
0
0.0337231055770228
-0.224269883241332
-0.283165402948627
-0.196476040830476
-0.0835838933316213
0.00403346348990732
0.0694477154079589
0.116339250345907
0.127020350692138
0.0812313267500882
-0.00934692054607722
-0.0918085357495293
-0.107997109384527
-0.044756992576221
0.0508582088674948
0
0
0
0
0
0
0.028102587980853
-0.186891569367777
-0.235971169123856
-0.163730034025397
-0.0696532444430177
0.0033612195749229
0.0578730961732993
0.0969493752882558
0.10585029224345
0.0676927722917413
-0.00778910045506387
-0.0765071131246073
-0.0899975911537719
-0.037297493813518
0.0423818407229118
0
0
0
0
0
0
0.016058621703344
-0.106795182495873
-0.134840668070775
-0.0935600194430837
-0.0398018539674386
0.00192069689995601
0.0330703406704568
0.0553996430218605
0.060485881281972
0.0386815841667093
-0.00445091454575053
-0.0437183503569183
-0.0514271949450127
-0.0213128536077247
0.0242181946988063
0
0
0
0
0
0
0.00602198313875371
-0.0400481934359524
-0.0505652505265404
-0.0350850072911564
-0.0149256952377895
0.000720261337483513
0.0124013777514213
0.0207748661331978
0.0226822054807393
0.014505594062516
-0.00166909295465628
-0.0163943813838443
-0.0192851981043796
-0.0079923201028968
0.00908182301205226
0
0
0
0
0
0
0.00133821847527859
-0.00889959854132278
-0.0112367223392312
-0.00779666828692363
-0.00331682116395321
0.000160058074996345
0.00275586172253808
0.00461663691848842
0.005040490106831
0.00322346534722584
-0.000370909545479137
-0.00364319586307653
-0.004285599578751
-0.00177607113397707
0.00201818289156715
0
0
0
0
0
0
0.000133821847527857
-0.000889959854132282
-0.00112367223392312
-0.000779666828692363
-0.00033168211639532
1.6005807499635e-05
0.000275586172253809
0.000461663691848843
0.000504049010683102
0.000322346534722586
-3.70909545479104e-05
-0.000364319586307643
-0.000428559957875098
-0.000177607113397707
0.000201818289156711
0
0
0
