LIFT gradient 
0
0
0
0
0
0
0
0
0
0
0
0
0
0
0
0
0
0
0
0
0
0
0
0
0
0
0
0
0
0
0
0
0
0
0
0
0
0
0
0
0
0
0
0
0
0
0
0
0
0
0
0
0
0
0
0
0
0
0
0
0
0
0
0
0
0
-0.00525620824579246
0.0372295146260164
0.0470707815942994
0.0329408303395646
0.0148937776773619
0.00179427691129988
-0.0068368487414386
-0.0124155401754387
-0.0137030394561467
-0.00877146616733263
0.00106935853150927
0.0101387485709412
0.0121440625939901
0.00536953066566982
-0.00573485783774158
0
0
0
0
0
0
-0.00919836443013624
0.065151650595529
0.082373867790024
0.057646453094238
0.0260641109353834
0.00313998459477477
-0.0119644852975176
-0.0217271953070178
-0.0239803190482569
-0.0153500657928322
0.00187137743014099
0.0177428099991468
0.0212521095394825
0.00939667866492225
-0.0100360012160477
0
0
0
0
0
0
-0.0110380373161632
0.0781819807146348
0.0988486413480289
0.0691757437130856
0.03127693312246
0.00376798151372969
-0.0143573823570212
-0.0260726343684214
-0.0287763828579085
-0.0184200789513989
0.00224565291616896
0.0212913719989761
0.0255025314473789
0.0112760143979067
-0.0120432014592571
0
0
0
0
0
0
-0.00919836443013569
0.0651516505955291
0.0823738677900239
0.057646453094238
0.0260641109353833
0.00313998459477471
-0.0119644852975176
-0.021727195307018
-0.0239803190482571
-0.0153500657928324
0.00187137743014076
0.0177428099991467
0.0212521095394824
0.00939667866492226
-0.0100360012160475
0
0
0
0
0
0
-0.00525620824579168
0.0372295146260165
0.0470707815942993
0.0329408303395645
0.0148937776773619
0.00179427691129982
-0.00683684874143869
-0.0124155401754389
-0.013703039456147
-0.00877146616733296
0.00106935853150894
0.0101387485709409
0.0121440625939899
0.00536953066566984
-0.00573485783774142
0
0
0
0
0
0
-0.00197107809217181
0.0139610679847563
0.0176515430978622
0.0123528113773367
0.00558516662901069
0.000672853841737428
-0.00256381827803952
-0.00465582756578958
-0.00513863979605514
-0.0032892998127499
0.000401009449315842
0.0038020307141028
0.00455402347274621
0.00201357399962619
-0.00215057168915301
0
0
0
0
0
0
-0.00043801735381595
0.00310245955216805
0.00392256513285827
0.00274506919496371
0.00124114813978015
0.000149523075941649
-0.000569737395119895
-0.00103462834795324
-0.00114191995467893
-0.000730955513944422
8.91132109590541e-05
0.000844895714245052
0.00101200521616582
0.000447460888805821
-0.000477904819811776
0
0
0
0
0
0
-4.38017353815955e-05
0.000310245955216807
0.000392256513285827
0.00027450691949637
0.000124114813978015
1.49523075941648e-05
-5.69737395119896e-05
-0.000103462834795325
-0.000114191995467892
-7.30955513944429e-05
8.91132109590541e-06
8.44895714245048e-05
0.000101200521616581
4.4746088880582e-05
-4.77904819811775e-05
0
0
0
0
0
0
0
0
0
0
0
0
0
0
0
0
0
0
0
0
0
0
0
0
0
0
0
0
0
0
0
0
0
0
0
0
0
0
0
0
0
0
0
0
0
0
0
0
0
0
0
0
0
0
0
0
0
0
0
0
0
0
0
0
0
0
0
0
0
0.0207567717888225
-0.149019780394583
-0.188298484971702
-0.131782372468231
-0.0596155750748878
-0.0072309372985031
0.0272895017546159
0.049605962845625
0.0547607292100365
0.0350409654195313
-0.00431430745658545
-0.0405815218816554
-0.048586628675845
-0.0214514896158802
0.0230885033634574
0
0
0
0
0
0
0.0363243506304365
-0.260784615690522
-0.329522348700478
-0.230619151819405
-0.104327256381053
-0.0126541402723804
0.047756628070578
0.086810434979844
0.0958312761175649
0.0613216894841799
-0.00755003804902321
-0.0710176632928954
-0.0850266001827283
-0.03754010682779
0.0404048808860502
0
0
0
0
0
0
0.0435892207565226
-0.312941538828626
-0.395426818440574
-0.276742982183286
-0.125192707657264
-0.0151849683268564
0.0573079536846936
0.104172521975813
0.114997531341079
0.0735860273810176
-0.00906004565882879
-0.0852211959514744
-0.102031920219274
-0.0450481281933479
0.0484858570632599
0
0
0
0
0
0
0.0363243506304348
-0.260784615690522
-0.329522348700478
-0.230619151819404
-0.104327256381053
-0.0126541402723802
0.0477566280705783
0.0868104349798446
0.0958312761175657
0.061321689484181
-0.00755003804902254
-0.0710176632928947
-0.0850266001827278
-0.0375401068277901
0.0404048808860496
0
0
0
0
0
0
0.0207567717888194
-0.149019780394584
-0.188298484971702
-0.131782372468231
-0.0596155750748875
-0.00723093729850286
0.0272895017546162
0.0496059628456255
0.0547607292100375
0.0350409654195325
-0.00431430745658412
-0.0405815218816543
-0.0485866286758444
-0.0214514896158802
0.0230885033634568
0
0
0
0
0
0
0.00778378942080678
-0.0558824176479693
-0.070611931864388
-0.0494183896755866
-0.0223558406530828
-0.00271160148693856
0.0102335631579811
0.0186022360671096
0.0205352734537643
0.0131403620323247
-0.00161786529621882
-0.0152180707056201
-0.0182199857534416
-0.00804430860595502
0.00865818876129624
0
0
0
0
0
0
0.00172973098240149
-0.012418315032882
-0.0156915404143085
-0.0109818643723526
-0.00496796458957394
-0.000602578108208567
0.00227412514621804
0.0041338302371355
0.00456339410083652
0.00292008045162778
-0.000359525621381973
-0.00338179349013779
-0.00404888572298701
-0.00178762413465668
0.0019240419469547
0
0
0
0
0
0
0.000172973098240145
-0.0012418315032882
-0.00156915404143084
-0.00109818643723526
-0.000496796458957393
-6.02578108208555e-05
0.000227412514621804
0.000413383023713552
0.000456339410083655
0.00029200804516278
-3.59525621381916e-05
-0.000338179349013775
-0.000404888572298697
-0.000178762413465666
0.000192404194695469
0
0
0
