DRAG gradient 
0
0
0
0
0
0
0
0
0
0
0
0
0
0
0
0
0
0
0
0
0
0
0
0
0
0
0
0
0
0
0
0
0
0
0
0
0
0
0
0
0
0
0
0
0
0
0
0
0
0
0
0
0
0
0
0
0
0
0
0
0
0
0
0
0
0
0.00129175155716276
-0.00907433651170483
-0.0114724721727136
-0.00802655416368336
-0.00362103491883374
-0.000412763756719623
0.00171535055924351
0.00309969471337214
0.00342009041156534
0.00219102947315031
-0.000262288023363928
-0.00252327918522118
-0.00302217291409679
-0.00133266377132207
0.00141170303570195
0
0
0
0
0
0
0.00226056522503468
-0.0158800888954835
-0.0200768263022489
-0.0140464697864458
-0.00633681110795905
-0.000722336574259344
0.00300186347867617
0.00542446574840127
0.00598515822023939
0.00383430157801308
-0.000459004040886793
-0.00441573857413699
-0.00528880259966936
-0.00233216159981362
0.00247048031247839
0
0
0
0
0
0
0.00271267827004161
-0.0190561066745803
-0.0240921915626986
-0.016855763743735
-0.00760417332955085
-0.000866803889111201
0.00360223617441141
0.00650935889808156
0.00718218986428731
0.0046011618936157
-0.000550804849064085
-0.00529888628896434
-0.00634656311960315
-0.00279859391977633
0.00296457637497405
0
0
0
0
0
0
0.00226056522503457
-0.0158800888954835
-0.0200768263022488
-0.0140464697864458
-0.00633681110795903
-0.000722336574259332
0.00300186347867618
0.0054244657484013
0.00598515822023944
0.00383430157801315
-0.000459004040886724
-0.00441573857413693
-0.00528880259966932
-0.00233216159981362
0.00247048031247836
0
0
0
0
0
0
0.00129175155716259
-0.00907433651170489
-0.0114724721727136
-0.00802655416368332
-0.00362103491883372
-0.000412763756719608
0.00171535055924353
0.00309969471337218
0.00342009041156539
0.0021910294731504
-0.000262288023363845
-0.00252327918522111
-0.00302217291409675
-0.00133266377132207
0.00141170303570191
0
0
0
0
0
0
0.000484406833935926
-0.00340287619188933
-0.0043021770647676
-0.00300995781138124
-0.00135788809456265
-0.000154786408769853
0.000643256459716327
0.00116238551751458
0.00128253390433703
0.000821636052431397
-9.83580087614185e-05
-0.000946229694457897
-0.00113331484278627
-0.000499748914245778
0.000529388638388212
0
0
0
0
0
0
0.000107645963096879
-0.000756194709308745
-0.000956039347726133
-0.000668879513640276
-0.00030175290990281
-3.43969797266334e-05
0.000142945879936963
0.000258307892781018
0.00028500753429712
0.0001825857894292
-2.18573352803141e-05
-0.000210273265435086
-0.000251847742841393
-0.000111055314276839
0.000117641919641824
0
0
0
0
0
0
1.07645963096874e-05
-7.56194709308742e-05
-9.56039347726133e-05
-6.68879513640275e-05
-3.01752909902809e-05
-3.43969797266333e-06
1.42945879936963e-05
2.58307892781018e-05
2.85007534297121e-05
1.82585789429206e-05
-2.18573352803121e-06
-2.10273265435087e-05
-2.51847742841392e-05
-1.11055314276839e-05
1.17641919641823e-05
0
0
0
0
0
0
0
0
0
0
0
0
0
0
0
0
0
0
0
0
0
0
0
0
0
0
0
0
0
0
0
0
0
0
0
0
0
0
0
0
0
0
0
0
0
0
0
0
0
0
0
0
0
0
0
0
0
0
0
0
0
0
0
0
0
0
0
0
0
-0.00510136207119119
0.0363205004311635
0.0458897601213177
0.0321054528349801
0.0144886905200206
0.00166098885429838
-0.00684656414287383
-0.012379346296879
-0.0136569105921525
-0.00873784285548856
0.00107637197699328
0.0101188493308869
0.012109947389493
0.00534285449838623
-0.00564876897040725
0
0
0
0
0
0
-0.00892738362458431
0.0635608757545364
0.0803070802123061
0.0561845424612151
0.0253552084100361
0.00290673049502216
-0.0119814872500292
-0.0216638560195383
-0.0238995935362669
-0.0152912249971052
0.00188365095973797
0.0177079863290521
0.0211924079316128
0.00934999537217596
-0.00988534569821262
0
0
0
0
0
0
-0.0107128603495006
0.0762730509054438
0.0963684962547671
0.0674214509534582
0.0304262500920433
0.00348807659402653
-0.0143777847000351
-0.0259966272234461
-0.0286795122435204
-0.0183494699965264
0.00226038115168564
0.0212495835948625
0.0254308895179354
0.0112199944466111
-0.011862414837855
0
0
0
0
0
0
-0.00892738362458398
0.0635608757545366
0.080307080212306
0.056184542461215
0.025355208410036
0.00290673049502211
-0.0119814872500293
-0.0216638560195385
-0.0238995935362671
-0.0152912249971054
0.00188365095973775
0.0177079863290519
0.0211924079316127
0.00934999537217597
-0.00988534569821247
0
0
0
0
0
0
-0.00510136207119042
0.0363205004311636
0.0458897601213176
0.03210545283498
0.0144886905200206
0.00166098885429832
-0.00684656414287391
-0.0123793462968792
-0.0136569105921527
-0.0087378428554889
0.00107637197699298
0.0101188493308867
0.0121099473894929
0.00534285449838623
-0.00564876897040708
0
0
0
0
0
0
-0.00191301077669636
0.0136201876616864
0.0172086600454941
0.0120395448131175
0.00543325894500771
0.000622870820361868
-0.00256746155357773
-0.00464225486132967
-0.00512134147205728
-0.00327669107080836
0.000403639491372371
0.0037945684990825
0.00454123027105983
0.00200357043689485
-0.00211828836390264
0
0
0
0
0
0
-0.000425113505932516
0.00302670836926365
0.00382414667677648
0.00267545440291499
0.00120739087666838
0.000138415737858191
-0.000570547011906162
-0.0010316121914066
-0.0011380758826794
-0.000728153571290753
8.9697664749408e-05
0.000843237444240539
0.00100916228245774
0.000445237874865526
-0.000470730747533918
0
0
0
0
0
0
-4.25113505932509e-05
0.000302670836926364
0.000382414667677647
0.000267545440291499
0.000120739087666838
1.38415737858189e-05
-5.70547011906165e-05
-0.000103161219140661
-0.000113807588267941
-7.2815357129076e-05
8.96976647493967e-06
8.43237444240535e-05
0.000100916228245774
4.45237874865521e-05
-4.70730747533913e-05
0
0
0
